473040 535725 343127 666509 0 0
909106 472940 473040 535725 0 0
1114867 -893838 909106 472940 0 0
1274437 -850039 1114867 -893838 909106 472940
1378763 -216903 1274437 -850039 909106 472940
1546547 327371 1378763 -216903 909106 472940
1949340 392113 1546547 327371 1378763 -216903
2235945 64903 1949340 392113 1378763 -216903
2676239 -63349 2331114 -593438 2235945 64903
2676239 -63349 2235945 64903 1949340 392113
2797744 198087 2687911 -605783 2676239 -63349
2797744 198087 2676239 -63349 1949340 392113
3120173 -200746 2797744 198087 2687911 -605783
3443610 -499733 3120173 -200746 2797744 198087
3520116 -538670 3443610 -499733 2797744 198087
3736567 64671 3520116 -538670 2797744 198087
4168152 589802 3736567 64671 3520116 -538670
4458333 995114 4168152 589802 3520116 -538670
